0 0 0 1 unlabeled
0.0784 0.0784 0.0784 2 static
0.4353 0.2902 0 3 dynamic
0.3176 0 0.3176 4 ground
0.5020 0.2510 0.5020 5 road
0.9569 0.1373 0.9098 6 sidewalk
0.9804 0.6667 0.6275 7 parking
0.9020 0.5882 0.5490 8 rail-track
0.2745 0.2745 0.2745 9 building
0.4000 0.4000 0.6118 10 wall
0.7451 0.6000 0.6000 11 fence
0.7059 0.6471 0.7059 12 guard-rail
0.5882 0.3922 0.3922 13 bridge
0.5882 0.4706 0.3529 14 tunnel
0.6000 0.6000 0.6000 15 pole
0.9804 0.6667 0.1176 16 traffic-light
0.8627 0.8627 0 17 traffic-sign
0.4196 0.5569 0.1373 18 vegetation
0.5961 0.9843 0.5961 19 terrain
0.2745 0.5098 0.7059 20 sky
0.8627 0.0784 0.2353 21 person
1.0000 0 0 22 rider
0 0 0.5569 23 car
0 0 0.2745 24 truck
0 0.2353 0.3922 25 bus
0 0 0.3529 26 caravan
0 0 0.4314 27 trailer
0 0.3137 0.3922 28 train
0 0 0.9020 29 motorcycle
0.4667 0.0431 0.1255 30 bicycle
